[-0.904881    0.75094071 -0.55319017  0.00934848  0.57068935 -0.56056948
 -0.98459776  1.48723236 -0.14740461  0.12396911 -0.93864102 -0.75684882
 -1.50948852 -0.25211626  0.08444899 -0.45518663  1.55457887 -0.25260567
  1.18210721 -0.13712617 -1.04285003 -0.19818465 -2.01628578 -0.50208741
 -0.56532176 -0.55852963 -0.45032739 -1.19073277 -0.57759682 -1.07324157
 -2.53891038 -1.28052621 -1.31346416 -0.21701439  1.19048849 -0.12176381
 -0.97442298 -0.97005998 -0.73291432 -0.61542799  0.00587039 -0.35277598
 -1.73233192 -0.59140581 -2.14590993 -1.25892949 -0.33384474 -0.60995267
  0.14531503 -0.21819186 -0.91642481 -0.2094568  -1.68580538 -0.76895312
 -0.03002949 -1.13410639 -1.30597483  0.9005334  -0.99498369 -0.84325328
 -0.98169558 -0.76424189 -0.16318179 -0.68303877  0.41739541 -0.60027719
 -0.50427573  0.57495422 -0.10517808 -0.94875632 -0.11507436 -1.56943486
 -0.46238911 -0.85691322 -0.51232485 -0.70996269 -0.64766012 -0.39202368
 -1.10778844 -0.78378963 -2.23091985 -0.44769165 -0.20224724 -1.01964721
  0.8487218  -0.32947697  0.21612406 -1.28436341 -1.84376958  0.40890539
  1.40222158  0.29010527  0.38576259 -0.80841137 -0.37272474  0.63960582
 -0.4444969  -0.10364508  1.82745322 -1.55584755]

[ 0.3476094  -0.0685286  -1.81298406  1.08484799  0.20094633 -0.2409788
  0.55677881  0.22557909  0.10368926 -0.06482893 -0.89578     0.42646778
 -0.47303866 -1.09578474 -1.08437277  1.23064707 -0.8706145  -0.46910682
 -1.53856732  0.65700551 -0.67502357 -0.22900784  0.61501719 -0.01592743
 -1.07124178  0.18198618 -0.13435006 -0.38595194 -1.50474282  0.51219644
 -0.0562062  -0.71324331  0.21053087 -1.14436972  0.00808768  1.48673054
 -0.75208889 -1.66304863  0.07170866  1.00652744 -0.99257981 -0.41234971
 -0.66493493  0.38270833 -0.75224936  0.11415009 -0.83868525 -0.11307832
 -1.22546783 -1.48785164  0.5613399  -0.16457906 -0.84873532  0.09019938
 -0.1217996  -0.62849123 -0.98396111 -0.85399853  1.55799165 -0.07910462
 -0.41585775 -0.87565899  0.57580515 -1.0864602   0.49504831 -0.52096437
 -0.97353718 -0.40850142  0.4303054  -0.87169274 -1.26101722  0.49956068
 -0.24002646 -0.83932964 -1.27060545 -0.93102814 -0.2710945   0.24566418
 -1.74563302  2.03361552 -0.60991596 -1.35239585  1.03444052 -0.73731399
 -0.71820605 -0.41222822 -0.67146113  1.2686986  -2.07895892 -0.33925425
 -0.05776491 -0.28035877 -0.05747272 -0.62707655  0.72341464  1.53127369
  0.50832026  1.92536493  0.1773255  -1.17773353]

[ 0.10358806 -2.34223468  0.52650306 -0.4222613   1.52425973 -0.97934779
  0.93429607 -1.60566862  0.43735538 -0.17404388 -0.94820857  0.90556559
 -0.7870283  -0.90481951 -1.01621324 -1.84965179 -0.82728105 -1.01576021
  1.21579515  0.80130696 -0.41958943 -0.43437939  1.45601346 -0.41587697
  0.82733    -0.70578274 -1.00463636 -0.3713336   1.87253325 -0.60935217
 -0.49399326  0.06566903 -0.64383962 -0.67020529 -0.41216894  0.47782304
 -0.44827392  0.02723988 -0.70033553  0.81762521 -0.97173857  2.48410817
 -2.20909766 -1.27223419 -1.02398834 -0.31167087 -0.36720594 -0.03077159
 -0.3544023  -2.05849922  0.84049173 -0.05187402 -0.99361292 -0.20853133
 -1.49214814  0.04893684  0.46185169  0.74864341 -0.91387601  0.98303136
  1.23978368  0.54148894 -0.44385039 -0.36616955  2.2310916   1.98815011
 -0.17093191 -1.30511483 -0.4145893  -0.71238223 -0.07442958 -1.1994855
  0.80760593 -0.40611462  0.2231645   0.81447035  0.18776071  0.44574545
  1.19940591 -1.62608681 -0.50164471  0.3661539  -1.20399842  0.71448309
 -1.22887767  1.10116366  0.44944385  0.43518988 -0.03202648 -1.14356918
 -1.74472541 -0.78842779  0.37578814 -0.33064633 -0.77430349 -0.14688559
 -1.18648057  0.09218745  0.034649   -1.02975259]

[ 1.10243074  1.4425192  -0.03305005 -0.59655076 -1.5169555   1.78488084
 -0.10050547 -0.35471276  0.69823962 -0.4973738  -0.52262859  0.31318948
  0.40215876  0.30806541 -0.02696591 -0.94485966 -0.56449409  0.19413279
  0.55915104 -0.49520696 -0.28795175  0.07734785 -0.73010732 -1.37937035
 -1.43492463 -1.69675807  2.54117918 -0.3464455  -0.59966292 -0.83137395
 -0.02460136 -1.0876325   2.0874186  -0.36292244 -0.55864487 -1.09754853
  0.35225686 -0.83988856 -1.31560208 -1.59845613 -2.13686186 -1.14324596
  2.17959011  1.12573898 -1.76606566 -0.84604587 -0.68109221 -0.32059475
  0.95783129 -0.11394559 -1.7492343  -1.00467064 -0.54834405 -2.03377747
 -0.75946538  2.24437686 -0.63990314 -1.17730118  0.79117309 -1.60775132
 -0.92541113  0.91060485 -0.14107885 -0.01893849 -1.00691193 -1.39880244
 -0.93525894 -1.21508551  0.67002136 -0.97092062 -0.5645384  -1.37077468
 -0.39175774 -0.51083752 -0.30181616  0.95668703 -0.72835381  0.41838701
 -0.6783253  -2.42096311  0.29798049 -1.7904328  -0.82797552 -0.12174516
 -1.76924219 -1.26557619 -0.40733123  2.31437777 -1.5226507  -0.65649632
 -0.96331128 -0.43468683 -1.0677334   0.51704344 -1.71576804 -0.68999821
 -1.74497921 -0.90181928 -0.91555161 -2.12854981]

[-1.97055325  0.6317872  -0.86904991  0.83158184 -0.0802256  -1.20400658
 -1.03345947 -1.40339764 -0.48674522  0.19210141 -0.70433581 -0.18485719
 -1.57224473  0.69802106  1.30910179 -0.32874119 -1.02815686 -0.02999407
 -0.25662267 -1.03158197 -0.83099127 -1.06327716 -0.71694624 -1.3543065
  0.03997154 -0.56577564 -0.20514791 -0.84785609 -1.73242207  0.90163326
 -0.121817   -1.14646513 -0.28283317  0.32468334 -0.25587409 -0.89999244
 -0.26229455 -1.43677521 -0.18637464 -1.26236028  0.99517455 -1.11101652
 -0.9564041   1.49856932  1.77615634 -1.9875286   0.31103692 -0.2323853
 -0.34161512  0.87578284 -1.33858233 -0.91709327 -1.4568236  -1.09997644
 -1.73731854 -1.24641979  0.41820763 -0.63386971  2.21282379 -0.68652456
 -0.64665016 -0.44350151 -0.66320829 -1.21446036 -1.01701801  1.35082358
  0.47515179  1.69318499  0.35183326 -0.20328536  0.43228567 -1.71489882
 -1.87609484  0.44652665  1.42307877 -1.24682736  0.81106696  0.8217515
 -0.59395353  0.28605974 -0.48041848 -0.1953172   1.48583935 -1.20106858
 -0.48272878  0.46136989 -0.35134452  0.32961306  0.32457023 -1.13420524
 -1.13750297  0.25111261 -1.54312186 -2.11251034  1.18869826  1.3609237
 -0.21584099  1.62196208  0.35462024 -0.40188766]

[-1.1211654   0.08643651 -0.16265823  0.87219066 -0.74635922 -0.97279523
  1.57106961  1.81484173 -1.10657127 -0.24882656  2.05599956 -0.50272119
 -0.15380608  0.17497007 -0.20214699  1.29026373 -1.57157187 -1.04252635
 -1.52984168  0.60623207 -0.47469653 -0.31059408 -0.00827206  1.66985872
  1.23789526 -1.210761    1.50191953  0.20012786  1.03414668  0.33848442
 -0.28029718  1.62637772 -1.1190757   0.80711072 -0.57990824 -0.34599797
 -0.3418662   1.61728686 -0.86840905 -1.16777595 -0.05236585 -0.32448489
  1.2523991  -0.99537359 -2.23102729  1.11819509  1.83697925 -0.09863345
 -0.30878841 -0.73760255 -1.56009774 -0.10165276 -0.62659279  1.47285452
  1.10695559 -1.31130535 -0.47328161 -0.92205065 -0.38127614  0.86913032
 -0.4240629  -1.13925916 -0.5168361  -0.67014808 -0.05014146 -0.28374262
 -0.0585683   0.04232663 -1.82332089  0.02416418 -0.47703964 -0.5764819
 -1.29331302 -0.25544679 -0.07766214 -1.58812293 -0.29135927  1.61371508
 -1.48928007  1.54861818  1.07783901  0.1147312  -0.61113489 -0.14456344
 -1.0681687   0.20930445  0.38289371 -2.87094092  0.58590962  1.97273617
  0.50823366 -0.49981888  0.88433637  1.14495246 -0.62182259  0.98802136
 -0.05388374  0.6740175  -1.83833832  2.94351729]

[-1.27621206 -1.61187531 -0.10931985 -0.67373458 -0.85256305 -0.01946032
 -0.69872599  0.8604962  -0.75162234 -0.00667216 -1.29698327 -1.46680518
  0.76902253 -0.30174307  0.73877002  0.85762199 -1.11794133 -0.28476738
 -0.45801091 -1.07046898 -0.12803484  0.13128948  0.20267145  0.12351063
 -1.3227423   0.50606281 -1.56732118  0.30788454 -0.77578088  0.08164856
  0.23306722 -0.21218826 -0.6220816  -0.06651113 -1.26608699 -1.11512537
  0.26898183  1.63787968  0.22776927 -0.44151258 -2.14792291 -0.72787085
 -2.48762527  0.26006917 -1.80021644  0.17160395 -0.75894139  0.2410452
  0.87536884  0.23561019  1.27595168 -0.11903967  0.54743201  0.51112212
  2.03701103 -0.24138055 -0.59944545  1.31208982 -1.62468451 -1.22538295
 -0.1001255  -0.07751732  0.8280069  -0.90424408  0.03163155 -1.03761586
 -0.90849209 -0.92859105  0.27163891 -0.5586608  -0.22746476  1.86818982
 -0.20400404 -1.00001717 -0.33009438 -0.57875907 -0.35419687 -2.09278297
 -0.91454794  1.02200329  0.53588185  0.37959525  0.57966294 -1.44146377
  1.45423437 -0.61373367 -0.77196623 -1.30089697  1.16868181 -0.84466579
 -0.88299661 -0.73330164 -2.33816533 -0.95903053 -1.04543612 -0.336289
 -1.16541149 -1.10592246  0.06844063 -0.83039741]

[ 1.74599524  1.19836028  0.12721519  0.9486811   0.42855637 -0.37853689
  0.21636805 -0.8754471   0.05236474 -0.14173658  0.45330781  0.42827104
 -1.11626956 -0.25081446 -0.63075184 -0.11013927  0.31120993 -0.97680836
  0.76519719 -1.43133229 -0.55094807 -0.96043987 -0.56758081 -0.47568047
 -0.91762976  0.36310546 -1.60201006  0.16549999 -0.79146674 -1.12650001
  0.73954617  1.71121969  0.72828131 -0.90317117  0.92120738 -0.5273275
 -0.67593944 -0.16618896  1.23372393  1.02331362  1.01822389 -1.43656306
 -1.82782629  0.16908706  1.71023474  1.65720813 -0.00581763 -0.55552429
 -0.52166708 -0.60693409 -0.36156132 -0.75846192  2.75446145 -0.84298478
  0.06823226  1.91457188 -0.83342425 -0.78121756 -0.97357709 -0.04108157
 -0.56808265 -1.22202268 -1.32405948  2.6070469  -0.82520932 -0.68739268
 -0.98372658  0.76495983 -0.75496361 -0.7398955   0.72402188  0.29895319
 -0.05234383  1.30435119 -1.42283121 -1.0949909  -0.31098906 -1.28122073
 -0.62515431 -0.40143879  0.0207889   0.0533014  -1.14149442 -0.56857506
  1.04324719 -1.13139547 -0.4984268  -0.37203086 -0.23089227 -0.48937594
  0.43090182 -2.6238411  -0.65888389 -1.18020583  1.03076262  0.32038648
 -0.0166421  -1.27306646 -1.16164053 -1.12426951]

[-0.75579355  0.9073805  -0.17133178 -0.30231744 -2.58024289 -0.32213615
 -0.71055777 -1.28981275  0.37447797 -0.74267159 -1.31151428 -1.17344153
  0.04667075  0.67050367 -0.62187866  0.84307025 -0.58176202 -0.79271669
 -2.59966667 -0.77500232  0.45621003 -0.19213007 -0.84697628 -1.13754126
 -0.03013154 -0.82537638 -2.72164783  0.19944689 -0.1400193  -0.06601797
 -0.26873732 -0.52731944 -1.37195532  0.19218583 -1.26608345 -0.61891105
 -0.37672066 -1.13923884 -1.33221837  1.46594134 -1.27964637 -1.77450713
 -2.85675399 -0.64530039 -3.25177298 -0.45119903 -1.07405646 -0.43079195
 -0.74449924  0.73208038  0.9763697   0.6226172  -1.52517413 -0.81566893
 -0.6663472  -1.89767709  0.27628283 -1.33070693 -0.5875434  -0.88375015
 -0.39226383 -0.68711412 -1.0955906  -0.23053089 -2.26879013 -0.94311177
 -0.27422402 -0.87024524 -0.47998568 -0.38753505  1.14920222 -1.6721537
 -0.77894406 -0.66146114  0.22521013  0.52147884 -0.93883978 -1.45448352
  0.4546051  -0.66150733 -0.96697457 -1.10730975 -1.05819717  0.5912874
  0.19546791 -0.28228223  0.41414349 -0.01956569 -1.85480998 -1.67803593
 -1.23610604  1.2918751   0.92110933 -0.58910208 -2.38028554 -1.19077123
  1.49485485 -1.09697668 -1.7281825  -1.59051641]

[-0.04703194 -0.63336719 -0.40493796 -1.67248543 -0.12141741 -0.73024322
  0.8060367  -1.33310014  0.06627143 -0.9030574  -0.26343916 -1.12970957
 -0.15826354 -0.9643435  -3.08240376 -0.69189549 -0.70149483 -0.21091402
 -0.89619962  1.24147448 -0.75263169 -0.64241534 -0.92767581 -1.33820494
 -0.97583381  1.57825942 -0.28105329 -0.30938222  1.38698465 -0.12889827
  0.55349299 -0.55656078 -0.57770404 -1.14148765 -0.94003513  1.43389924
  0.23062474  0.43598198  1.27232403 -2.45621184  1.45745689 -0.76437063
  0.83042515 -1.74822393  1.74238928 -1.18235585 -0.138392   -0.94272571
 -0.64028005 -0.55775594 -1.17610211 -0.53733555 -3.13756884 -0.4322552
 -0.55362385 -2.70883017 -0.06584468 -0.35741667 -2.08873092 -0.9949724
 -0.09843308  1.66880746  0.87637181 -3.04336139 -0.45214136 -2.37021916
  0.0160307   0.07431663  0.05346402  0.08957992 -0.95877011 -0.14462726
  1.05286379  0.31780176 -1.44931044 -0.20592595 -1.04449634  0.26358753
 -1.01674832 -0.43439284 -2.00352178 -0.40626641 -1.86301294 -0.3595795
 -0.59585545 -0.61220482 -0.84685455 -0.4710478   0.58456733  0.38338218
 -0.32363745  1.56464968  0.57236064  0.92392373  0.60945724 -1.30903929
 -1.08061454 -2.2495529  -0.72230756 -0.56103233]

